Script started on 廿十八年六月六日 (週三) 一時〇分廿六秒

g++ -c tetris5.cpp
g++ -o tetris5 tetris5.o genMino.o Mino.o MinoI.o MinoS.o MinoL.o MinoO.o MinoT.o

./tetris5
0010
0010
0010
0010
0010
0010
0010
0010
0000
0100
0100
0110
0000
0100
0110
0100
0000
0100
0110
0100
0000
0000
0110
0110
0000
0000
0011
0110
0000
0100
0100
0110
0010
0010
0010
0010
0000
0000
0011
0110
0000
0000
0110
0110
0000
0000
0110
0110
0000
0000
0110
0110
0000
0000
0011
0110
0000
0000
0110
0110
0000
0100
0100
0110
0010
0010
0010
0010
0000
0100
0100
0110
0000
0000
0011
0110
0000
0100
0100
0110
0010
0010
0010
0010
0000
0100
0100
0110
0000
0000
0110
0110
0000
0100
0100
0110
0000
0100
0100
0110
0000
0000
0110
0110
0000
0000
0110
0110
0000
0000
0110
0110
0000
0000
0110
0110
0000
0100
0100
0110

Script done on 廿十八年六月六日 (週三) 一時一分四秒
